Epoch:10
mAP: 0.6872000492270852
AP_50: 0.9992918367253953
AP_75: 0.8634084123447737
AP_small: -1.0
AP_m: 0.7026534710547035
AP_l: 0.675757996937009
Epoch:20
mAP: 0.8215703530868332
AP_50: 0.9997439399112324
AP_75: 0.9897129973948001
AP_small: -1.0
AP_m: 0.8440106330466383
AP_l: 0.8118382455986854
Epoch:40
mAP: 0.8632413194061869
AP_50: 1.0
AP_75: 1.0
AP_small: -1.0
AP_m: 0.8830097514295988
AP_l: 0.8596741928569088
Epoch:50
mAP: 0.8644152800297054
AP_50: 0.9996136784792493
AP_75: 0.9996136784792493
AP_small: -1.0
AP_m: 0.8770635511702458
AP_l: 0.8611841937581131
